Accuracy 0.881578947368421              precision    recall  f1-score   support

           1       1.00      1.00      1.00        92
           2       1.00      1.00      1.00       155
           3       0.00      0.00      0.00        12
           4       0.00      0.00      0.00        17
           5       0.00      0.00      0.00        15
           6       1.00      1.00      1.00        79
           7       1.00      1.00      1.00        59
           8       0.26      1.00      0.41        22
           9       0.00      0.00      0.00        19
          10       1.00      1.00      1.00        62

    accuracy                           0.88       532
   macro avg       0.53      0.60      0.54       532
weighted avg       0.85      0.88      0.86       532
