Accuracy 0.9962406015037594              precision    recall  f1-score   support

           1       1.00      1.00      1.00        92
           2       1.00      1.00      1.00       155
           3       0.86      1.00      0.92        12
           4       1.00      0.94      0.97        17
           5       1.00      1.00      1.00        15
           6       1.00      1.00      1.00        79
           7       1.00      1.00      1.00        59
           8       1.00      1.00      1.00        22
           9       1.00      0.95      0.97        19
          10       1.00      1.00      1.00        62

    accuracy                           1.00       532
   macro avg       0.99      0.99      0.99       532
weighted avg       1.00      1.00      1.00       532
