Prediction: [ 7 10  2  5  1  2  2  3  6  7  7  6  2 10  3  6  2  6 10  6  1  7  2  1
  2  2  1  1  2 10  1  1 10  6  7  2  6  1  7  6  9  7  7  2  6  6  7  2
  1 10  6  2  2  1  2  4  1 10  1  4  2  6  6  8  7  1  7  1  2  2  9  8
  7  6 10  1  7  1  4 10  7 10  7  6  2  2  3  1  7  6  5  8 10  2  7  1
  1  6  2  6  2  2  1  7  2 10  1  1  1  1  2 10  2  2  2 10  8  2  6  1
  9  2  9  2 10  2  2  1  1  1  1  2  3  2 10  2 10  6  2  2  1  2  7 10
 10  2  6  1  7  1  5 10 10 10 10  2  2  5  1 10  2  2  6  9 10  4  6  5
  2  3  2  1  7  1  4  6 10  7  2  6  2  2 10 10  6  1  2  4  8  1  2  3
  7 10  7  8  2  7  2  2 10  6  2  1  8  6  6  4  9  2 10  6  2  4 10  2
  5  3  2  1  5  2  2 10  2  2 10  7  1  3  6  6  3  2  6  9  2  2  9  7
  8 10  1  4  1  7  2  4  1 10  4  2  2  1 10  9  1  2  7  6  1  2  1  2
  7  1  4  2  2  1  5  7  5  2  1  1  2  2  1 10  2  6  6  2 10  7  1  2
  6  8  1  6 10  2  2  2  7 10  6  5  8  5  3  2  2  6 10  6  6  2  6  9
  2  7  2  2  2  7  2  8  5  9  6  9 10 10  5  8  1  1 10  6  7  2 10  2
  6  2  7  6  2  2  2  6  6  2  1  2  6  1  2 10  6  7  2  1  7  7  6 10
  3  2  1  1  2  1 10  1  1  2  2  6  2  8 10  8  9  2  2  2  8  2  6  4
  7  1  1  9 10  2  6  1  6  2  2  6  6  2  2  6  6  6  1  2  1  6  1  2
  2  1  6  3  1  2  2  8  1  9  2 10  3  6  1  1  7 10]
Accuracy: 0.9976525821596244
              precision    recall  f1-score   support

           1       1.00      1.00      1.00        75
           2       1.00      1.00      1.00       122
           3       0.92      1.00      0.96        12
           4       1.00      0.93      0.96        14
           5       1.00      1.00      1.00        13
           6       1.00      1.00      1.00        64
           7       1.00      1.00      1.00        42
           8       1.00      1.00      1.00        16
           9       1.00      1.00      1.00        15
          10       1.00      1.00      1.00        53

    accuracy                           1.00       426
   macro avg       0.99      0.99      0.99       426
weighted avg       1.00      1.00      1.00       426
