Accuracy 1.0              precision    recall  f1-score   support

           1       1.00      1.00      1.00        92
           2       1.00      1.00      1.00       155
           3       1.00      1.00      1.00        12
           4       1.00      1.00      1.00        17
           5       1.00      1.00      1.00        15
           6       1.00      1.00      1.00        79
           7       1.00      1.00      1.00        59
           8       1.00      1.00      1.00        22
           9       1.00      1.00      1.00        19
          10       1.00      1.00      1.00        62

    accuracy                           1.00       532
   macro avg       1.00      1.00      1.00       532
weighted avg       1.00      1.00      1.00       532
