Accuracy 0.8740601503759399              precision    recall  f1-score   support

           1       0.78      0.97      0.86        92
           2       0.99      0.92      0.95       155
           3       0.92      0.92      0.92        12
           4       0.88      0.82      0.85        17
           5       1.00      0.87      0.93        15
           6       0.73      0.95      0.82        79
           7       0.86      0.53      0.65        59
           8       0.85      1.00      0.92        22
           9       1.00      0.95      0.97        19
          10       1.00      0.81      0.89        62

    accuracy                           0.87       532
   macro avg       0.90      0.87      0.88       532
weighted avg       0.89      0.87      0.87       532
