Accuracy 0.881578947368421              precision    recall  f1-score   support

           1       0.69      0.97      0.81        92
           2       0.99      0.90      0.94       155
           3       0.79      0.92      0.85        12
           4       0.94      0.88      0.91        17
           5       1.00      0.87      0.93        15
           6       0.96      0.94      0.95        79
           7       0.88      0.64      0.75        59
           8       0.73      1.00      0.85        22
           9       1.00      0.89      0.94        19
          10       0.98      0.81      0.88        62

    accuracy                           0.88       532
   macro avg       0.90      0.88      0.88       532
weighted avg       0.90      0.88      0.88       532
