Accuracy 0.8609022556390977              precision    recall  f1-score   support

           1       0.62      0.97      0.76        92
           2       0.95      0.89      0.92       155
           3       0.85      0.92      0.88        12
           4       0.80      0.94      0.86        17
           5       1.00      0.87      0.93        15
           6       1.00      0.77      0.87        79
           7       0.89      0.68      0.77        59
           8       0.96      1.00      0.98        22
           9       1.00      0.89      0.94        19
          10       0.98      0.82      0.89        62

    accuracy                           0.86       532
   macro avg       0.90      0.87      0.88       532
weighted avg       0.89      0.86      0.87       532
