Prediction: [ 4  1 10  9  6  6  2  4  2  2  2  6  6 10  6  6  2  6  2  6  1  6  6  2
 10  6  1  2  6 10  1  8  1  8  2  6  6  6  4  6  9  4  6  2  6  6  6  2
 10  1  6  6  6  1  2  2  2  1 10  8  2  6  6  2  7  8  4  2 10  2  9  4
  2  2  2  2  4 10  4 10  6  2  6  4  8  1  2  6  6  6 10  6 10 10  6  6
  8  6  2  2  2  6 10  2  2 10  2  2  6 10 10 10  2  6  2  1  2  8  6 10
 10  2 10  4  1  2 10  8  2  1  1  5 10  1 10  2  9  6  2  2  6  2  2  5
 10 10  6  6  2 10 10 10 10 10 10  6  2  2  1  9 10  2  6 10 10  4  6 10
  6  2  6  1  2 10  4  4 10  8  4  4  2  2 10 10  6  2  2  2  6  1  2  2
  6  1  6  8  2  2  6  4  1  2  2  2  6  6  6  2 10 10 10  6  8  4 10  2
  2  3  2 10  6  2  2 10  6  2 10  6  2  2 10  6  2  6  2  9  6  2 10  2
  6 10  6  2  1  6  8  4  1 10  2  2  2  6 10 10 10  2  6  6  6  6  1  6
  8  2  6  8  2 10  2  4  6  6  1  2  2 10  2  9  2  6  6  1 10  6  1  2
  6  6 10  6 10  6  2  2  6 10  6 10  6 10  3  6  4  6  1  8  6  6  8  1
  6  2 10  2  4  6  2  8  2  9  6  9  1  1  6  8 10  1 10  4  2  2  9  2
  6  2  6  6  2  6  2  4  2  2  8  2  6  6  6 10  4  6  6  2  8  2  6 10
  2  6  1  8  6 10  1  8  1  4  5  6  6  8  1  6 10  6  2  2  6  2  6  4
  6  2  8  9 10  4  6  2  4  2  2  6  2  6  6  6  4  2  8  6  2  4  2  1
  6  2  2  3  3  3 10  8  2  9  6 10  3  2  8 10  4 10]
Accuracy: 0.39436619718309857
              precision    recall  f1-score   support

           1       0.49      0.23      0.31        75
           2       0.46      0.45      0.46       122
           3       0.67      0.33      0.44        12
           4       0.19      0.43      0.27        14
           5       0.00      0.00      0.00        13
           6       0.34      0.64      0.45        64
           7       1.00      0.02      0.05        42
           8       0.19      0.31      0.23        16
           9       0.58      0.47      0.52        15
          10       0.44      0.60      0.51        53

    accuracy                           0.39       426
   macro avg       0.44      0.35      0.32       426
weighted avg       0.48      0.39      0.37       426
